164, 176, 166
150, 162, 152
125, 137, 127
119, 129, 120
106, 113, 105
92, 97, 91
88, 93, 87
66, 68, 63
78, 80, 77
74, 79, 75
68, 73, 69
65, 71, 67
59, 68, 65
50, 61, 57
50, 61, 57
53, 64, 60
130, 126, 125
116, 112, 113
122, 122, 122
95, 96, 98
73, 78, 81
43, 51, 53
36, 46, 48
23, 33, 35
26, 36, 38
39, 44, 47
40, 41, 43
68, 64, 65
115, 105, 106
108, 94, 94
73, 55, 55
66, 46, 47
96, 111, 104
111, 123, 119
112, 122, 123
90, 97, 105
64, 68, 80
51, 54, 69
54, 57, 74
56, 63, 82
63, 75, 97
55, 75, 102
43, 72, 106
28, 65, 110
17, 62, 121
13, 63, 136
10, 66, 149
9, 66, 156
26, 62, 146
24, 60, 144
23, 61, 144
24, 62, 145
23, 64, 144
22, 65, 144
23, 66, 144
25, 69, 142
24, 68, 139
24, 69, 136
24, 68, 131
25, 67, 125
169, 181, 171
141, 153, 143
88, 100, 90
70, 80, 72
71, 78, 71
70, 75, 69
77, 82, 76
69, 71, 66
73, 75, 72
57, 62, 58
77, 82, 78
80, 86, 82
58, 67, 62
52, 63, 57
50, 61, 57
44, 55, 51
163, 159, 160
89, 87, 88
58, 58, 60
38, 39, 41
42, 47, 50
30, 38, 40
34, 44, 45
33, 43, 44
33, 41, 43
25, 29, 32
34, 34, 36
78, 74, 75
107, 98, 99
79, 64, 67
51, 35, 36
67, 48, 50
88, 98, 89
88, 98, 90
78, 84, 82
57, 58, 62
39, 38, 46
37, 35, 46
46, 44, 57
52, 51, 65
59, 62, 77
52, 63, 81
46, 63, 89
39, 63, 99
32, 63, 110
26, 62, 122
19, 59, 129
13, 57, 132
23, 59, 135
22, 60, 135
22, 60, 135
23, 62, 139
22, 64, 140
21, 65, 140
22, 66, 139
23, 67, 140
24, 68, 139
23, 68, 135
23, 68, 133
23, 67, 128
180, 191, 183
151, 162, 154
80, 91, 83
54, 64, 56
67, 74, 67
65, 70, 64
63, 68, 64
60, 62, 59
74, 76, 73
64, 69, 65
83, 88, 84
75, 81, 77
66, 75, 70
65, 76, 70
57, 68, 62
83, 94, 88
175, 175, 177
65, 65, 67
23, 24, 26
19, 23, 24
39, 43, 44
30, 36, 36
31, 37, 37
37, 43, 43
25, 29, 30
27, 28, 30
52, 52, 54
87, 83, 84
84, 75, 78
51, 40, 44
45, 33, 37
71, 56, 61
67, 71, 57
61, 63, 52
46, 45, 40
32, 28, 27
26, 20, 24
34, 24, 32
43, 33, 41
48, 38, 46
42, 37, 43
39, 38, 46
38, 40, 53
39, 46, 65
40, 51, 81
39, 54, 95
37, 55, 105
36, 56, 109
22, 58, 120
23, 59, 121
23, 61, 124
23, 62, 127
22, 63, 129
21, 64, 132
20, 65, 132
20, 65, 133
23, 68, 136
23, 68, 136
23, 68, 135
24, 68, 133
190, 201, 197
168, 179, 175
94, 105, 101
63, 72, 69
78, 84, 80
67, 72, 68
56, 61, 57
56, 58, 55
58, 60, 57
67, 72, 66
72, 77, 71
54, 61, 54
70, 80, 72
66, 77, 69
49, 60, 52
115, 126, 118
166, 169, 174
55, 58, 63
33, 37, 40
33, 37, 40
42, 46, 47
29, 33, 32
26, 30, 29
39, 41, 40
50, 52, 49
87, 87, 87
120, 118, 119
107, 103, 104
63, 58, 62
45, 39, 43
53, 43, 51
57, 47, 55
42, 42, 30
41, 38, 29
36, 33, 28
34, 28, 28
37, 28, 31
42, 31, 37
46, 34, 38
46, 34, 36
43, 31, 31
42, 30, 30
41, 32, 33
40, 33, 40
39, 33, 45
41, 36, 58
50, 46, 73
58, 55, 86
27, 60, 105
29, 63, 109
30, 64, 112
27, 63, 115
24, 64, 116
25, 66, 122
23, 65, 125
18, 62, 125
22, 67, 132
22, 67, 134
23, 68, 136
24, 69, 137
161, 171, 170
149, 159, 158
86, 96, 95
57, 66, 65
69, 75, 73
59, 63, 62
55, 59, 58
64, 66, 63
63, 65, 62
54, 59, 53
70, 75, 69
74, 81, 74
80, 90, 81
86, 98, 88
95, 107, 97
145, 157, 147
158, 165, 173
50, 55, 61
37, 42, 46
26, 30, 33
27, 28, 30
26, 26, 26
28, 28, 26
39, 38, 34
22, 21, 17
69, 65, 62
96, 92, 91
67, 63, 64
29, 27, 30
32, 29, 36
38, 35, 44
23, 20, 29
29, 30, 22
32, 33, 27
36, 35, 33
41, 36, 40
41, 36, 43
40, 33, 41
41, 31, 39
43, 32, 36
54, 44, 43
56, 45, 41
57, 46, 42
53, 42, 40
43, 28, 31
36, 20, 30
44, 28, 41
57, 40, 58
35, 62, 91
37, 66, 96
36, 67, 98
30, 62, 100
29, 62, 103
29, 66, 111
28, 65, 117
20, 61, 115
25, 67, 127
26, 67, 131
25, 68, 136
26, 69, 138
94, 104, 106
99, 109, 111
68, 78, 79
60, 68, 70
67, 73, 73
57, 61, 62
56, 60, 59
60, 62, 61
54, 56, 53
48, 53, 47
139, 144, 138
233, 240, 232
228, 238, 229
216, 228, 216
213, 225, 213
173, 185, 173
158, 166, 177
39, 48, 57
32, 39, 45
21, 24, 29
25, 26, 28
36, 35, 33
30, 27, 22
28, 23, 19
32, 27, 21
53, 48, 44
63, 58, 55
55, 51, 52
52, 50, 55
55, 54, 60
48, 48, 58
36, 36, 46
28, 34, 32
28, 34, 34
30, 35, 41
30, 34, 45
27, 29, 44
22, 23, 41
25, 24, 40
29, 29, 39
35, 34, 39
41, 39, 40
52, 47, 44
55, 47, 45
43, 33, 34
29, 17, 21
32, 16, 26
44, 28, 39
38, 57, 72
44, 63, 80
41, 62, 83
32, 56, 80
31, 58, 87
35, 65, 99
34, 66, 107
27, 61, 107
30, 67, 119
29, 68, 125
31, 69, 131
32, 71, 136
61, 70, 75
72, 81, 86
66, 76, 78
72, 80, 83
71, 76, 79
59, 63, 66
59, 63, 64
52, 54, 53
61, 63, 60
43, 48, 42
73, 78, 72
174, 181, 173
217, 227, 216
226, 238, 226
248, 255, 246
223, 235, 221
172, 182, 194
39, 49, 59
37, 44, 52
30, 33, 38
34, 34, 36
44, 40, 37
29, 24, 20
25, 16, 11
51, 42, 35
64, 55, 50
57, 49, 46
47, 43, 42
50, 48, 51
36, 37, 42
16, 19, 26
17, 20, 29
27, 35, 37
21, 30, 35
18, 26, 37
17, 26, 43
14, 22, 43
8, 19, 41
8, 19, 41
15, 23, 42
8, 18, 30
11, 20, 27
24, 29, 33
35, 39, 42
34, 33, 38
24, 21, 30
25, 19, 31
34, 26, 41
38, 45, 53
43, 52, 61
42, 52, 62
33, 46, 62
32, 49, 69
40, 60, 85
40, 65, 96
33, 61, 98
38, 67, 109
36, 69, 114
38, 71, 122
38, 74, 126
80, 89, 96
78, 87, 92
68, 77, 82
69, 76, 82
59, 64, 68
52, 56, 59
64, 68, 69
56, 58, 57
58, 60, 57
71, 76, 70
32, 37, 31
121, 128, 120
231, 241, 230
225, 237, 225
226, 238, 224
231, 243, 229
194, 206, 218
50, 60, 70
42, 49, 57
30, 33, 38
25, 25, 27
33, 29, 26
29, 21, 18
41, 30, 24
32, 21, 15
69, 58, 52
68, 59, 54
48, 43, 40
51, 47, 48
39, 39, 41
28, 29, 34
41, 44, 49
26, 30, 29
18, 22, 25
14, 18, 27
16, 22, 38
17, 23, 45
9, 20, 42
7, 18, 40
8, 21, 40
10, 23, 39
4, 18, 27
7, 20, 28
20, 31, 37
23, 32, 41
18, 24, 36
19, 22, 39
26, 29, 48
39, 34, 38
44, 42, 47
42, 41, 47
33, 36, 45
35, 41, 55
45, 56, 74
48, 63, 86
41, 61, 88
43, 66, 97
44, 68, 102
44, 72, 109
45, 74, 114
84, 93, 100
74, 83, 90
66, 75, 80
65, 72, 78
66, 71, 75
64, 68, 71
60, 64, 67
60, 61, 63
62, 64, 63
33, 38, 34
51, 56, 50
67, 74, 66
147, 157, 146
239, 251, 239
238, 250, 238
232, 244, 230
197, 207, 217
51, 59, 70
34, 41, 49
34, 37, 42
31, 31, 33
26, 22, 21
30, 22, 19
41, 30, 26
36, 25, 19
76, 63, 57
73, 62, 56
42, 33, 28
78, 70, 67
26, 21, 18
35, 31, 30
28, 27, 25
43, 31, 19
36, 26, 16
27, 17, 15
19, 13, 17
21, 15, 25
24, 22, 35
21, 23, 36
14, 18, 29
14, 21, 29
6, 15, 20
6, 16, 18
13, 24, 28
19, 30, 36
17, 25, 36
15, 22, 40
16, 23, 42
35, 20, 23
39, 24, 29
36, 25, 31
32, 25, 33
41, 38, 49
55, 57, 70
53, 60, 76
40, 51, 69
30, 45, 66
25, 43, 67
20, 42, 66
31, 55, 81
67, 76, 83
74, 83, 90
75, 84, 89
66, 73, 79
64, 69, 73
69, 73, 76
71, 75, 78
70, 71, 73
53, 55, 54
86, 91, 87
62, 67, 61
55, 62, 55
66, 76, 67
184, 196, 186
245, 255, 245
240, 252, 240
184, 193, 202
53, 60, 68
40, 45, 51
36, 39, 44
37, 36, 41
37, 33, 34
36, 28, 26
34, 24, 22
40, 29, 25
78, 65, 59
50, 37, 29
50, 37, 29
55, 42, 34
52, 42, 33
48, 38, 29
53, 43, 34
54, 21, 0
58, 24, 0
58, 26, 5
52, 23, 7
50, 23, 14
51, 28, 22
50, 31, 25
46, 31, 24
45, 35, 26
33, 26, 16
21, 18, 9
19, 18, 13
19, 21, 20
18, 21, 26
22, 24, 36
28, 31, 46
35, 13, 16
38, 17, 22
47, 28, 34
56, 41, 48
63, 53, 62
79, 76, 87
113, 113, 125
141, 147, 161
94, 106, 120
81, 97, 112
62, 80, 94
52, 71, 86
86, 95, 100
81, 90, 95
74, 83, 88
70, 78, 81
71, 76, 80
68, 72, 75
63, 67, 70
60, 61, 63
56, 58, 57
71, 75, 74
34, 39, 35
58, 64, 60
58, 68, 60
119, 130, 122
230, 242, 232
231, 243, 233
190, 195, 201
67, 72, 78
41, 44, 49
29, 30, 35
30, 29, 34
33, 31, 34
37, 31, 33
32, 23, 24
49, 39, 37
86, 73, 67
64, 50, 41
69, 52, 42
46, 28, 14
59, 40, 25
50, 31, 14
53, 35, 15
107, 54, 2
123, 69, 22
137, 84, 42
144, 90, 54
144, 93, 62
151, 101, 74
157, 111, 85
159, 119, 93
123, 88, 60
103, 73, 45
75, 54, 27
52, 35, 15
36, 22, 9
26, 15, 11
26, 17, 20
29, 22, 29
50, 25, 31
38, 15, 21
39, 18, 25
46, 29, 37
50, 38, 48
77, 71, 81
155, 155, 165
235, 239, 251
236, 246, 255
243, 255, 255
235, 252, 255
224, 244, 253
83, 93, 95
68, 78, 80
65, 75, 77
76, 84, 87
78, 83, 86
68, 72, 75
68, 72, 75
82, 83, 85
70, 71, 73
65, 69, 68
72, 76, 75
72, 78, 76
58, 67, 62
43, 54, 48
204, 215, 209
243, 254, 248
185, 185, 187
72, 71, 76
41, 42, 46
31, 32, 37
37, 36, 42
32, 31, 37
37, 35, 40
35, 30, 34
40, 31, 32
63, 52, 48
65, 48, 40
46, 27, 12
49, 24, 4
79, 51, 27
122, 92, 64
140, 109, 78
191, 126, 62
204, 138, 77
217, 148, 91
217, 147, 96
213, 142, 96
211, 143, 98
213, 146, 101
212, 149, 105
197, 141, 94
175, 127, 81
144, 102, 60
108, 74, 39
75, 47, 23
51, 28, 14
36, 17, 10
32, 14, 12
39, 18, 23
36, 15, 22
42, 25, 31
48, 35, 44
38, 28, 37
34, 31, 42
78, 80, 92
135, 141, 153
119, 131, 143
152, 168, 181
169, 187, 199
163, 185, 196
76, 86, 87
80, 90, 91
81, 91, 92
77, 85, 87
73, 78, 81
74, 78, 81
80, 84, 87
89, 90, 92
85, 86, 88
79, 83, 84
94, 98, 99
58, 64, 64
64, 73, 70
101, 112, 108
231, 242, 238
240, 251, 247
171, 167, 166
77, 73, 72
51, 49, 52
51, 50, 55
52, 52, 60
29, 29, 39
29, 29, 39
28, 27, 33
44, 38, 42
62, 51, 49
70, 53, 43
60, 37, 19
85, 55, 29
142, 106, 72
182, 143, 104
198, 155, 113
220, 155, 89
227, 162, 98
234, 164, 104
232, 160, 102
232, 155, 101
231, 154, 100
229, 152, 96
225, 150, 93
217, 148, 89
204, 142, 85
181, 128, 76
151, 106, 64
118, 82, 50
87, 56, 36
61, 34, 25
44, 20, 16
32, 17, 20
33, 21, 25
40, 29, 35
43, 36, 43
34, 33, 41
25, 27, 39
34, 42, 55
51, 63, 79
78, 95, 113
123, 144, 163
148, 170, 191
138, 163, 183
86, 96, 95
94, 104, 103
82, 92, 91
69, 78, 77
90, 96, 96
123, 127, 128
112, 116, 117
76, 77, 79
76, 77, 79
71, 75, 76
83, 87, 90
108, 113, 116
139, 147, 149
224, 234, 235
245, 255, 255
214, 224, 225
159, 152, 146
90, 82, 79
65, 61, 60
59, 58, 63
61, 61, 69
38, 40, 52
52, 54, 67
57, 57, 67
58, 56, 61
72, 62, 61
53, 35, 25
64, 37, 16
103, 67, 35
195, 152, 110
204, 153, 106
214, 163, 110
209, 159, 100
217, 162, 106
223, 163, 109
228, 163, 109
236, 165, 113
244, 169, 114
246, 167, 110
239, 163, 103
208, 137, 75
204, 138, 78
191, 134, 79
171, 122, 79
143, 104, 73
111, 80, 60
74, 49, 42
48, 27, 24
33, 27, 27
30, 26, 25
25, 23, 26
22, 23, 28
22, 29, 37
31, 41, 53
40, 56, 72
47, 65, 85
54, 76, 100
105, 131, 158
137, 167, 195
136, 167, 196
90, 101, 97
87, 98, 94
78, 88, 87
85, 94, 93
126, 132, 132
161, 165, 166
142, 146, 147
100, 101, 103
110, 111, 115
106, 110, 113
108, 112, 115
139, 144, 147
109, 117, 119
110, 120, 122
82, 92, 94
76, 86, 88
88, 78, 69
68, 59, 54
75, 69, 69
86, 84, 89
113, 116, 125
128, 132, 144
165, 171, 185
170, 174, 186
186, 185, 193
180, 170, 169
130, 112, 100
95, 65, 41
135, 95, 60
211, 163, 117
212, 155, 100
226, 165, 108
208, 174, 128
215, 177, 132
219, 175, 130
221, 168, 124
224, 163, 118
226, 158, 109
223, 152, 98
217, 145, 87
210, 140, 81
203, 141, 82
193, 137, 86
174, 129, 88
153, 118, 90
123, 97, 82
84, 65, 61
54, 38, 39
20, 22, 17
22, 27, 23
25, 31, 31
22, 32, 34
17, 30, 38
15, 33, 47
22, 43, 62
28, 54, 77
59, 88, 118
103, 133, 167
131, 165, 203
135, 170, 210
119, 130, 126
113, 124, 120
118, 129, 125
135, 144, 141
139, 145, 145
124, 128, 129
112, 116, 117
112, 113, 115
108, 109, 113
94, 98, 101
84, 88, 91
108, 113, 117
126, 134, 137
132, 142, 144
165, 175, 177
183, 193, 195
218, 205, 196
220, 209, 203
219, 211, 209
182, 180, 185
155, 158, 167
117, 123, 137
102, 108, 124
60, 63, 78
65, 64, 72
88, 79, 80
112, 94, 82
77, 47, 23
172, 130, 92
212, 160, 112
223, 162, 105
226, 162, 100
195, 173, 134
205, 179, 142
216, 182, 145
221, 177, 140
224, 171, 131
228, 167, 123
227, 161, 111
224, 155, 100
214, 147, 92
207, 146, 91
193, 141, 93
176, 134, 96
159, 127, 102
135, 113, 102
99, 83, 83
68, 55, 62
27, 34, 27
23, 32, 27
22, 32, 31
18, 32, 35
13, 30, 38
23, 45, 59
61, 86, 106
98, 128, 154
114, 147, 180
135, 169, 207
138, 172, 217
126, 162, 210
118, 126, 129
112, 120, 123
118, 126, 129
122, 130, 132
137, 145, 147
158, 168, 169
173, 183, 184
190, 200, 201
211, 222, 224
221, 232, 236
242, 253, 255
200, 210, 219
192, 205, 214
174, 186, 198
148, 160, 174
116, 128, 144
101, 94, 102
92, 87, 94
81, 80, 86
89, 90, 95
87, 92, 96
71, 79, 82
70, 80, 81
70, 79, 78
52, 59, 52
63, 65, 54
108, 102, 88
54, 41, 24
180, 159, 138
193, 167, 142
200, 169, 141
204, 170, 142
231, 172, 154
227, 171, 148
227, 174, 143
230, 181, 141
227, 183, 138
218, 177, 131
210, 172, 133
206, 171, 141
188, 155, 136
182, 152, 142
179, 150, 146
173, 145, 141
156, 132, 120
132, 112, 88
107, 88, 56
90, 72, 34
44, 39, 43
20, 18, 23
25, 24, 30
32, 35, 44
30, 36, 50
25, 36, 54
58, 74, 97
136, 156, 181
141, 164, 195
146, 172, 205
140, 169, 203
135, 165, 203
206, 214, 217
219, 227, 230
238, 246, 248
247, 255, 255
249, 255, 255
249, 255, 255
241, 251, 250
240, 250, 251
248, 255, 255
244, 255, 255
237, 248, 252
171, 181, 190
143, 153, 163
124, 136, 148
109, 121, 135
87, 99, 113
103, 98, 105
86, 81, 88
63, 62, 70
60, 60, 68
54, 59, 65
42, 50, 53
43, 53, 54
46, 55, 54
31, 36, 30
51, 51, 41
82, 76, 62
70, 57, 38
176, 154, 131
181, 154, 127
180, 146, 118
188, 153, 123
218, 159, 141
231, 175, 150
227, 174, 142
208, 159, 118
205, 161, 114
218, 175, 130
206, 167, 126
178, 142, 110
166, 131, 111
103, 71, 60
83, 52, 47
90, 61, 55
95, 69, 56
130, 108, 85
140, 119, 88
91, 71, 34
39, 35, 36
24, 19, 23
24, 23, 29
23, 26, 35
21, 27, 39
17, 29, 45
34, 49, 70
89, 109, 134
118, 142, 170
144, 170, 203
151, 180, 214
139, 169, 207
218, 223, 226
238, 243, 246
246, 251, 254
246, 252, 252
245, 254, 253
240, 249, 248
233, 242, 241
232, 241, 240
189, 199, 200
189, 199, 201
196, 205, 210
147, 158, 164
122, 132, 141
121, 131, 141
121, 131, 143
110, 119, 134
119, 113, 123
93, 90, 99
70, 69, 77
60, 60, 68
53, 58, 64
45, 52, 58
40, 48, 50
43, 49, 47
58, 60, 55
73, 70, 61
64, 55, 40
72, 55, 35
136, 112, 88
111, 80, 52
95, 58, 29
93, 54, 23
129, 71, 49
167, 110, 83
198, 144, 110
207, 156, 113
205, 158, 112
191, 147, 100
143, 101, 59
89, 50, 17
62, 24, 1
97, 61, 47
150, 116, 107
146, 113, 104
90, 61, 45
79, 53, 28
105, 80, 49
109, 85, 49
44, 35, 36
29, 23, 25
25, 23, 28
19, 19, 27
18, 22, 34
13, 22, 39
17, 29, 51
52, 70, 94
70, 91, 120
119, 144, 175
146, 175, 209
141, 171, 209
190, 194, 197
216, 220, 221
202, 206, 207
181, 187, 187
176, 182, 180
171, 177, 175
176, 182, 180
178, 187, 184
221, 230, 229
222, 230, 232
230, 240, 242
183, 192, 197
135, 144, 153
124, 132, 143
114, 122, 133
99, 107, 120
102, 99, 110
85, 82, 93
81, 79, 90
79, 82, 91
84, 88, 97
85, 90, 96
70, 75, 78
69, 73, 72
44, 43, 38
62, 55, 45
48, 35, 19
84, 63, 42
168, 141, 114
155, 120, 90
169, 128, 96
157, 114, 80
115, 58, 31
129, 72, 42
164, 110, 72
200, 149, 104
198, 150, 102
159, 113, 64
119, 74, 32
101, 58, 23
109, 67, 42
147, 109, 90
158, 120, 107
159, 123, 109
164, 131, 112
129, 97, 72
90, 61, 29
100, 72, 35
52, 42, 41
32, 23, 24
28, 22, 24
24, 22, 27
23, 26, 35
16, 24, 37
18, 31, 50
59, 75, 100
121, 142, 169
148, 173, 204
150, 179, 213
133, 163, 199
161, 162, 164
219, 220, 222
223, 227, 226
225, 229, 228
241, 246, 242
246, 251, 247
251, 255, 253
251, 255, 253
245, 251, 249
240, 246, 246
242, 250, 252
199, 207, 210
139, 146, 154
138, 145, 155
138, 144, 156
130, 138, 149
128, 126, 139
113, 111, 124
119, 119, 131
114, 116, 128
117, 120, 129
114, 117, 124
84, 88, 91
81, 81, 81
93, 88, 84
99, 89, 79
79, 62, 46
99, 72, 51
188, 154, 127
159, 118, 86
176, 132, 97
135, 87, 51
134, 78, 45
135, 79, 44
167, 112, 71
208, 156, 109
201, 151, 102
153, 105, 56
132, 85, 41
143, 98, 59
188, 143, 114
193, 148, 125
172, 129, 112
171, 130, 112
181, 143, 122
144, 107, 81
107, 72, 40
123, 89, 54
59, 45, 42
30, 19, 17
27, 17, 18
31, 26, 30
31, 30, 38
20, 24, 36
32, 41, 58
88, 103, 126
141, 161, 188
150, 173, 204
147, 173, 206
140, 170, 206
171, 173, 172
250, 252, 251
254, 255, 253
251, 253, 250
254, 255, 253
247, 249, 244
249, 254, 248
241, 246, 242
252, 255, 253
248, 254, 252
251, 255, 255
212, 217, 221
137, 142, 148
131, 138, 146
126, 133, 143
116, 123, 133
125, 123, 137
106, 105, 119
118, 117, 131
104, 106, 119
103, 105, 117
104, 107, 114
73, 72, 77
73, 69, 70
93, 86, 80
92, 78, 67
81, 60, 41
101, 71, 47
185, 148, 119
151, 107, 72
157, 107, 70
105, 53, 14
132, 76, 39
155, 100, 61
197, 143, 99
228, 174, 127
214, 162, 112
172, 120, 70
145, 94, 47
140, 91, 50
152, 102, 69
91, 41, 14
79, 31, 8
119, 73, 50
148, 103, 80
165, 124, 96
157, 116, 86
119, 80, 47
60, 43, 36
30, 15, 10
29, 18, 16
39, 30, 31
35, 33, 38
19, 21, 33
32, 39, 55
96, 108, 130
133, 150, 176
142, 163, 192
145, 169, 203
147, 176, 210
168, 168, 166
255, 255, 253
255, 255, 253
253, 254, 249
254, 255, 251
251, 253, 248
254, 255, 251
252, 254, 249
248, 253, 249
244, 248, 247
252, 255, 255
232, 237, 240
153, 158, 162
150, 155, 161
137, 141, 150
122, 126, 137
120, 119, 135
106, 105, 121
126, 128, 143
117, 119, 132
125, 125, 137
138, 138, 148
112, 110, 115
120, 114, 114
91, 80, 74
87, 69, 57
91, 64, 45
143, 109, 84
215, 174, 142
199, 151, 115
194, 141, 101
167, 112, 71
184, 130, 86
201, 147, 103
223, 167, 120
227, 171, 122
210, 157, 107
190, 137, 87
180, 126, 80
178, 125, 83
208, 154, 116
143, 90, 58
124, 73, 44
136, 86, 59
140, 93, 65
170, 125, 96
175, 131, 102
126, 83, 51
63, 44, 37
43, 26, 19
46, 31, 26
49, 39, 38
43, 37, 41
23, 23, 31
23, 29, 43
70, 81, 99
141, 157, 182
158, 178, 205
157, 180, 212
140, 166, 201
152, 152, 150
252, 252, 250
254, 254, 252
249, 250, 245
255, 255, 251
249, 252, 245
254, 255, 250
250, 252, 247
254, 255, 251
247, 252, 248
252, 255, 255
229, 233, 236
141, 146, 150
138, 143, 149
124, 128, 137
107, 111, 120
120, 121, 139
104, 106, 121
125, 127, 142
106, 108, 121
102, 102, 114
108, 107, 115
74, 69, 75
80, 70, 71
89, 74, 69
80, 58, 45
84, 56, 35
165, 128, 101
221, 176, 143
222, 170, 131
208, 154, 110
212, 155, 110
217, 163, 116
219, 165, 118
226, 170, 123
227, 171, 122
213, 157, 108
196, 140, 91
194, 138, 91
203, 146, 103
173, 118, 77
169, 115, 77
159, 106, 72
158, 107, 76
182, 133, 103
203, 156, 128
184, 139, 110
145, 99, 73
69, 49, 38
60, 40, 31
66, 49, 42
61, 47, 46
52, 43, 46
31, 28, 35
17, 21, 33
44, 53, 70
35, 50, 71
99, 116, 142
144, 165, 194
148, 173, 204
130, 130, 128
253, 253, 251
243, 243, 241
252, 253, 248
255, 255, 251
253, 255, 249
254, 255, 250
252, 254, 249
254, 255, 251
252, 255, 253
250, 254, 253
250, 254, 255
153, 158, 162
151, 156, 162
143, 147, 156
137, 141, 150
116, 118, 133
108, 110, 125
96, 98, 113
88, 90, 103
93, 93, 105
100, 97, 106
96, 90, 94
88, 76, 76
84, 67, 60
98, 75, 61
97, 65, 44
195, 156, 127
233, 187, 153
238, 186, 146
245, 188, 143
236, 178, 132
241, 188, 138
222, 169, 119
245, 189, 142
218, 162, 115
196, 138, 92
207, 149, 103
193, 134, 90
210, 151, 107
214, 157, 114
213, 158, 117
216, 162, 124
213, 160, 126
209, 160, 128
208, 161, 133
184, 138, 114
144, 98, 74
85, 63, 52
64, 44, 35
80, 61, 54
68, 54, 51
55, 45, 46
16, 11, 17
20, 22, 34
15, 22, 38
41, 52, 72
89, 105, 130
153, 173, 200
155, 176, 207
134, 134, 132
250, 250, 248
251, 251, 249
255, 255, 251
254, 255, 251
253, 255, 250
253, 255, 250
250, 252, 247
251, 255, 252
249, 253, 252
250, 254, 255
250, 255, 255
156, 161, 165
143, 148, 154
134, 138, 147
132, 136, 147
137, 140, 155
130, 133, 148
119, 121, 134
110, 109, 123
111, 109, 120
114, 111, 118
114, 105, 110
109, 95, 94
104, 85, 78
114, 88, 75
105, 73, 52
191, 152, 123
230, 184, 148
234, 183, 140
236, 182, 136
229, 171, 123
226, 173, 123
216, 163, 113
248, 194, 147
230, 173, 128
203, 144, 102
202, 143, 101
190, 131, 89
212, 153, 109
223, 164, 120
216, 162, 118
215, 162, 120
210, 160, 123
203, 157, 124
201, 155, 129
179, 134, 111
142, 99, 80
79, 57, 46
72, 50, 39
79, 60, 53
93, 78, 73
37, 27, 26
30, 25, 29
28, 28, 38
25, 28, 43
13, 21, 40
44, 56, 78
115, 131, 156
153, 170, 198
122, 124, 123
225, 227, 226
246, 248, 245
254, 255, 253
252, 254, 251
248, 250, 245
246, 251, 245
247, 252, 248
248, 253, 249
245, 251, 249
251, 255, 255
251, 255, 255
168, 173, 179
145, 152, 160
139, 146, 156
147, 154, 164
115, 119, 131
123, 127, 139
131, 133, 145
136, 136, 148
135, 133, 144
130, 125, 132
118, 109, 112
108, 94, 93
110, 90, 83
116, 88, 74
105, 73, 50
176, 137, 106
222, 176, 140
231, 180, 137
234, 180, 133
231, 175, 126
211, 159, 109
190, 138, 90
205, 151, 105
181, 123, 83
149, 89, 52
153, 93, 56
169, 110, 70
212, 153, 111
224, 167, 122
214, 160, 114
212, 161, 116
209, 161, 121
198, 153, 120
186, 144, 119
161, 120, 102
127, 88, 73
81, 59, 48
78, 58, 49
87, 68, 61
90, 75, 70
25, 15, 14
25, 19, 23
27, 26, 34
21, 23, 36
36, 43, 59
60, 71, 91
125, 137, 159
156, 170, 196
126, 127, 129
209, 210, 212
250, 254, 253
252, 255, 255
251, 255, 252
249, 254, 250
250, 255, 252
251, 255, 253
251, 255, 255
246, 252, 252
247, 255, 255
245, 253, 255
163, 170, 178
128, 135, 145
118, 124, 136
128, 136, 147
140, 144, 155
132, 136, 147
117, 120, 129
98, 98, 108
83, 82, 90
79, 74, 80
82, 72, 73
87, 72, 69
102, 82, 73
108, 82, 67
100, 68, 45
155, 116, 85
209, 165, 128
220, 173, 129
228, 177, 130
233, 181, 131
205, 155, 104
168, 116, 68
157, 104, 62
130, 74, 37
106, 47, 13
118, 58, 24
151, 91, 55
201, 143, 103
217, 163, 117
207, 155, 108
204, 157, 111
202, 159, 117
186, 147, 114
165, 129, 105
135, 99, 83
100, 66, 56
65, 43, 32
71, 51, 42
84, 65, 59
51, 36, 33
41, 31, 30
26, 20, 24
45, 42, 49
43, 45, 57
50, 56, 70
94, 101, 119
156, 164, 185
160, 171, 193
127, 131, 134
186, 190, 191
249, 253, 254
251, 255, 255
245, 251, 249
245, 251, 249
247, 253, 251
249, 255, 255
249, 255, 255
246, 254, 255
248, 255, 255
246, 255, 255
179, 188, 197
135, 143, 154
118, 126, 137
124, 132, 145
73, 78, 84
82, 87, 93
95, 98, 105
102, 102, 110
98, 95, 102
90, 84, 88
84, 74, 75
85, 70, 67
95, 75, 66
102, 76, 61
98, 66, 43
135, 99, 67
198, 156, 118
211, 166, 124
219, 171, 123
229, 181, 132
235, 185, 136
202, 151, 106
195, 142, 102
188, 132, 99
175, 115, 87
174, 114, 86
188, 129, 97
213, 155, 118
214, 161, 117
201, 153, 105
193, 149, 102
182, 143, 100
163, 128, 96
144, 112, 91
115, 85, 74
83, 54, 48
74, 54, 45
95, 76, 69
77, 60, 53
29, 15, 12
49, 39, 38
30, 24, 28
30, 27, 34
49, 49, 59
42, 44, 57
80, 86, 102
144, 151, 169
157, 164, 183
123, 128, 131
160, 165, 168
245, 250, 253
251, 255, 255
245, 254, 253
249, 255, 255
248, 255, 255
249, 255, 255
248, 255, 255
244, 254, 255
243, 252, 255
230, 241, 247
177, 187, 196
130, 140, 150
105, 115, 127
101, 110, 125
87, 92, 96
80, 85, 89
72, 75, 80
63, 64, 68
53, 51, 56
49, 43, 45
57, 47, 46
70, 55, 50
89, 69, 60
94, 68, 53
92, 62, 38
118, 83, 53
196, 158, 119
215, 172, 129
214, 170, 121
225, 179, 129
225, 177, 129
208, 157, 114
207, 155, 118
214, 159, 129
206, 148, 124
199, 139, 115
197, 140, 111
198, 142, 107
209, 158, 115
197, 151, 102
180, 140, 91
155, 120, 78
135, 104, 73
127, 100, 79
107, 83, 73
76, 52, 48
71, 52, 45
99, 82, 74
53, 38, 33
32, 18, 15
34, 24, 23
35, 29, 33
6, 3, 10
37, 35, 46
48, 50, 62
43, 46, 61
78, 81, 98
100, 106, 122
128, 136, 139
146, 154, 157
246, 254, 255
249, 255, 255
242, 250, 252
242, 251, 250
231, 241, 240
230, 240, 241
210, 220, 221
194, 205, 207
174, 185, 189
145, 155, 164
107, 117, 127
71, 83, 95
54, 66, 80
48, 60, 74
42, 47, 50
40, 44, 47
40, 44, 47
44, 43, 48
43, 41, 44
45, 39, 41
55, 45, 44
69, 54, 49
102, 82, 73
96, 73, 57
88, 60, 36
106, 73, 42
198, 160, 123
213, 175, 130
199, 157, 109
198, 154, 105
212, 164, 116
204, 155, 112
203, 150, 116
204, 148, 121
193, 135, 113
188, 130, 108
198, 141, 114
197, 143, 109
188, 139, 96
183, 139, 92
167, 129, 80
137, 106, 62
117, 91, 58
118, 95, 77
101, 81, 74
66, 46, 45
29, 12, 4
45, 28, 21
28, 13, 8
34, 23, 21
31, 21, 22
42, 36, 40
30, 25, 32
43, 42, 50
44, 44, 56
17, 19, 32
26, 28, 43
32, 34, 49
119, 127, 130
125, 133, 136
226, 234, 237
222, 230, 232
203, 211, 213
190, 200, 201
166, 176, 177
157, 167, 168
120, 131, 133
103, 114, 118
80, 91, 97
57, 67, 76
52, 65, 74
57, 69, 81
72, 84, 98
79, 91, 107
87, 92, 95
71, 75, 78
53, 57, 60
47, 47, 49
50, 48, 51
69, 63, 63
100, 90, 88
128, 113, 108
129, 111, 99
113, 90, 74
95, 67, 43
102, 69, 38
193, 158, 120
204, 165, 122
171, 131, 82
158, 116, 66
153, 105, 59
156, 107, 66
157, 104, 70
153, 97, 72
133, 76, 56
132, 74, 54
153, 95, 71
155, 102, 68
164, 115, 74
168, 126, 78
160, 124, 76
130, 101, 59
112, 87, 56
116, 95, 76
95, 76, 70
53, 35, 35
33, 16, 9
19, 2, 0
45, 30, 25
41, 30, 28
38, 28, 29
23, 17, 21
40, 35, 41
20, 19, 27
27, 27, 37
27, 27, 39
42, 44, 57
30, 32, 45
153, 151, 162
116, 116, 126
138, 138, 148
126, 126, 138
131, 131, 143
100, 99, 113
90, 92, 105
79, 81, 96
88, 90, 105
81, 82, 100
72, 75, 94
70, 73, 92
75, 77, 98
82, 84, 105
79, 84, 104
75, 80, 100
74, 77, 70
71, 76, 72
88, 93, 96
72, 81, 88
67, 75, 86
80, 84, 96
89, 87, 98
131, 120, 126
132, 111, 108
110, 80, 69
101, 63, 42
104, 60, 31
185, 139, 105
209, 164, 123
201, 156, 114
206, 163, 120
210, 156, 118
212, 157, 116
218, 157, 113
215, 151, 103
203, 137, 87
179, 113, 63
148, 87, 42
125, 72, 32
144, 101, 67
142, 108, 81
111, 86, 66
99, 81, 67
121, 107, 96
107, 97, 87
67, 57, 47
53, 43, 33
17, 6, 12
25, 14, 20
32, 21, 27
35, 23, 27
34, 22, 26
36, 24, 26
37, 27, 26
37, 29, 26
33, 28, 22
38, 38, 30
27, 33, 21
14, 25, 9
172, 175, 184
103, 106, 115
104, 106, 118
99, 101, 113
79, 83, 94
100, 104, 116
101, 105, 117
112, 115, 130
92, 95, 110
90, 96, 112
93, 99, 115
98, 103, 122
100, 105, 124
90, 95, 114
68, 73, 93
50, 55, 75
72, 75, 68
52, 54, 49
45, 51, 51
47, 54, 60
52, 59, 69
27, 31, 43
38, 35, 46
135, 124, 130
111, 90, 89
118, 88, 78
122, 85, 66
118, 77, 49
142, 98, 63
187, 142, 103
196, 153, 110
208, 165, 122
212, 158, 120
208, 153, 114
203, 144, 102
199, 136, 92
195, 131, 83
188, 126, 79
178, 121, 76
168, 119, 79
148, 107, 75
139, 107, 82
117, 92, 72
105, 87, 73
109, 95, 84
93, 81, 69
61, 48, 39
46, 34, 22
22, 13, 16
23, 12, 16
24, 13, 17
25, 14, 18
29, 18, 22
33, 23, 24
35, 25, 26
33, 25, 23
38, 33, 30
45, 44, 40
75, 80, 73
109, 119, 110
204, 213, 222
89, 98, 107
110, 119, 128
101, 110, 119
115, 124, 133
92, 100, 111
108, 116, 127
115, 123, 134
123, 133, 145
125, 135, 147
131, 141, 153
138, 147, 162
134, 143, 158
108, 117, 132
70, 79, 94
41, 50, 65
46, 47, 39
63, 65, 60
44, 48, 47
23, 28, 32
47, 51, 60
43, 45, 57
38, 35, 46
101, 90, 96
107, 89, 89
108, 81, 72
114, 79, 60
117, 77, 51
113, 70, 38
192, 148, 111
212, 169, 127
206, 163, 120
196, 144, 105
192, 139, 99
186, 131, 90
183, 126, 83
180, 121, 77
175, 118, 75
164, 112, 72
154, 108, 74
140, 103, 74
121, 91, 67
108, 85, 67
103, 84, 69
92, 76, 63
78, 64, 51
63, 49, 36
49, 33, 20
28, 19, 20
22, 13, 14
18, 9, 10
21, 11, 12
28, 18, 19
33, 22, 26
34, 23, 27
33, 24, 27
30, 25, 29
43, 41, 44
99, 100, 102
147, 152, 155
206, 223, 230
187, 204, 211
177, 194, 202
196, 210, 219
135, 149, 158
126, 140, 149
114, 128, 137
139, 153, 162
137, 151, 160
132, 145, 154
128, 141, 150
129, 142, 151
121, 133, 145
94, 106, 118
58, 70, 82
32, 44, 56
45, 46, 38
45, 46, 41
35, 39, 38
43, 46, 51
56, 60, 69
41, 43, 55
58, 56, 67
130, 123, 130
124, 110, 110
99, 78, 73
107, 79, 65
104, 69, 47
87, 50, 21
165, 125, 90
207, 168, 129
198, 156, 116
205, 155, 118
200, 151, 111
195, 143, 104
190, 138, 98
184, 132, 93
171, 123, 85
154, 110, 75
140, 101, 70
143, 109, 82
108, 80, 58
97, 74, 56
93, 74, 59
75, 58, 42
73, 56, 40
74, 57, 41
54, 35, 20
24, 19, 16
20, 15, 12
20, 15, 12
27, 18, 19
32, 23, 26
34, 25, 28
35, 26, 31
34, 27, 34
45, 39, 49
57, 54, 65
98, 98, 110
115, 119, 130
239, 255, 255
235, 255, 255
172, 192, 199
96, 116, 123
112, 132, 139
106, 125, 132
143, 162, 169
119, 136, 143
138, 155, 162
123, 140, 147
113, 128, 135
109, 124, 131
101, 116, 123
83, 96, 104
60, 73, 81
46, 59, 67
53, 55, 50
47, 49, 46
43, 47, 48
37, 42, 46
19, 23, 32
34, 38, 50
100, 102, 114
154, 152, 163
167, 160, 167
143, 129, 129
166, 147, 140
129, 103, 88
83, 52, 31
109, 75, 47
183, 147, 113
211, 173, 136
219, 171, 133
210, 162, 124
197, 151, 115
189, 145, 110
184, 141, 107
176, 135, 103
163, 128, 98
153, 121, 96
145, 117, 95
103, 78, 58
88, 65, 47
82, 61, 44
66, 45, 28
77, 56, 39
83, 62, 45
54, 33, 14
16, 13, 8
18, 14, 11
24, 20, 17
32, 28, 27
34, 28, 30
31, 25, 29
33, 26, 34
37, 31, 41
36, 30, 44
33, 31, 45
58, 57, 75
66, 67, 87
226, 251, 255
218, 243, 248
127, 150, 156
140, 163, 169
136, 159, 165
159, 180, 185
130, 149, 155
110, 129, 135
111, 129, 133
96, 111, 116
81, 96, 101
77, 91, 94
70, 84, 87
59, 70, 74
48, 59, 63
44, 55, 59
31, 40, 39
35, 43, 45
37, 44, 50
36, 45, 54
46, 56, 66
116, 125, 140
185, 192, 210
171, 177, 193
185, 189, 201
162, 161, 169
183, 174, 177
131, 118, 112
84, 65, 50
75, 50, 28
144, 114, 86
195, 164, 133
203, 157, 121
197, 153, 116
192, 149, 115
187, 148, 117
182, 147, 119
169, 137, 112
149, 121, 99
135, 108, 87
113, 88, 68
80, 57, 39
68, 45, 27
65, 42, 24
64, 41, 23
90, 67, 49
96, 73, 55
60, 37, 19
16, 16, 14
16, 16, 14
22, 22, 22
31, 29, 30
30, 28, 31
25, 22, 29
29, 26, 35
39, 36, 47
48, 44, 59
34, 31, 48
55, 54, 72
85, 86, 107
231, 255, 255
175, 198, 204
161, 184, 190
139, 162, 168
117, 138, 143
128, 147, 153
162, 179, 186
199, 217, 221
114, 129, 132
94, 108, 111
77, 88, 90
67, 78, 80
57, 67, 69
46, 54, 56
44, 52, 54
49, 57, 59
58, 73, 80
40, 54, 63
47, 61, 72
113, 129, 142
156, 172, 188
169, 186, 206
193, 209, 232
187, 205, 229
138, 154, 177
122, 135, 154
113, 121, 134
82, 83, 88
65, 57, 54
62, 48, 35
87, 66, 47
137, 113, 89
175, 131, 94
170, 130, 94
166, 130, 98
162, 131, 102
156, 128, 104
138, 113, 91
111, 90, 71
93, 72, 53
69, 48, 29
62, 39, 21
62, 40, 19
66, 41, 21
82, 57, 37
115, 92, 74
117, 94, 76
76, 53, 35
30, 34, 37
21, 25, 28
17, 21, 24
21, 24, 29
24, 25, 30
23, 23, 31
31, 31, 41
43, 43, 55
40, 40, 52
33, 32, 46
44, 43, 59
67, 66, 82
233, 253, 255
177, 196, 203
208, 227, 234
188, 207, 213
141, 158, 165
231, 246, 251
215, 228, 234
202, 213, 217
209, 218, 223
186, 194, 197
160, 168, 170
144, 149, 152
129, 133, 134
117, 121, 122
121, 122, 124
132, 133, 135
131, 157, 174
161, 187, 204
159, 182, 200
172, 194, 215
170, 195, 217
134, 160, 185
115, 142, 171
96, 127, 158
97, 128, 159
99, 128, 158
73, 97, 121
60, 76, 92
52, 59, 65
67, 63, 60
59, 46, 37
108, 92, 77
138, 96, 58
125, 87, 51
109, 76, 45
97, 70, 43
89, 68, 47
79, 62, 44
66, 49, 33
55, 38, 22
58, 37, 20
69, 47, 26
79, 54, 32
83, 56, 35
104, 79, 59
137, 114, 96
130, 108, 94
84, 65, 50
45, 53, 64
26, 34, 45
12, 20, 31
13, 20, 30
17, 24, 34
21, 28, 38
33, 37, 48
46, 50, 59
46, 49, 58
54, 57, 66
45, 48, 55
34, 34, 42
244, 255, 255
198, 213, 220
145, 158, 166
143, 156, 162
194, 205, 211
226, 235, 240
219, 228, 233
206, 214, 217
212, 217, 221
217, 221, 224
226, 227, 229
234, 234, 236
238, 236, 237
237, 235, 236
237, 235, 236
241, 237, 238
212, 248, 255
210, 244, 255
188, 219, 247
146, 177, 205
112, 143, 172
99, 134, 166
94, 132, 169
86, 128, 168
106, 151, 193
74, 117, 159
42, 82, 118
36, 67, 95
70, 89, 106
57, 64, 70
81, 77, 74
92, 83, 74
187, 148, 109
154, 118, 82
144, 113, 82
103, 79, 55
73, 56, 36
83, 67, 51
72, 56, 41
66, 49, 31
84, 63, 44
81, 54, 33
79, 51, 29
100, 73, 52
140, 117, 99
153, 134, 119
125, 108, 98
92, 79, 70
40, 53, 72
41, 54, 73
30, 43, 60
12, 25, 41
9, 21, 35
24, 34, 46
40, 50, 60
47, 56, 63
47, 55, 58
59, 64, 67
123, 127, 126
59, 64, 60
237, 246, 253
236, 245, 252
222, 231, 236
212, 219, 225
215, 220, 226
212, 217, 221
210, 213, 218
219, 220, 224
221, 220, 225
223, 223, 225
228, 226, 229
237, 233, 234
243, 237, 239
244, 238, 240
242, 236, 236
243, 234, 235
200, 244, 255
174, 217, 251
143, 184, 216
114, 153, 186
95, 133, 169
94, 136, 174
93, 140, 182
79, 131, 179
44, 102, 152
35, 93, 143
36, 88, 135
43, 85, 123
64, 94, 118
72, 86, 99
52, 53, 55
83, 78, 74
190, 151, 110
178, 142, 106
153, 124, 94
108, 86, 62
100, 85, 64
101, 88, 71
82, 66, 50
93, 75, 55
106, 82, 58
91, 61, 35
104, 74, 48
130, 102, 80
143, 122, 105
153, 139, 128
130, 122, 119
81, 77, 76
48, 68, 95
44, 61, 89
34, 51, 77
24, 42, 64
24, 41, 61
30, 48, 62
34, 51, 61
36, 51, 56
37, 48, 50
47, 58, 54
124, 134, 126
87, 93, 81
243, 248, 252
249, 254, 255
243, 248, 252
232, 235, 240
226, 230, 233
219, 220, 224
214, 215, 219
223, 223, 225
224, 222, 225
225, 223, 226
230, 226, 227
237, 231, 233
243, 237, 239
246, 240, 242
246, 237, 238
242, 233, 234
186, 237, 255
138, 187, 227
106, 151, 190
94, 138, 175
84, 128, 165
86, 134, 174
80, 132, 179
53, 113, 165
23, 88, 144
35, 101, 159
53, 114, 168
58, 109, 152
69, 104, 134
85, 102, 118
31, 34, 39
85, 80, 77
182, 143, 102
184, 150, 112
145, 119, 86
100, 80, 53
112, 95, 75
112, 97, 78
92, 74, 54
120, 96, 72
125, 95, 67
108, 73, 43
135, 100, 72
161, 133, 111
150, 131, 116
148, 141, 135
125, 126, 130
62, 71, 80
48, 72, 108
39, 63, 97
32, 57, 88
36, 60, 88
40, 64, 88
39, 62, 80
32, 54, 67
29, 49, 56
33, 51, 51
42, 57, 52
136, 148, 138
132, 140, 125
250, 254, 255
246, 250, 251
233, 237, 238
232, 233, 235
240, 241, 243
236, 237, 239
224, 224, 226
220, 220, 220
221, 221, 221
227, 225, 226
232, 230, 231
238, 234, 235
242, 238, 239
245, 241, 242
245, 241, 242
242, 238, 239
154, 208, 254
105, 158, 202
88, 136, 176
93, 138, 177
87, 131, 168
78, 125, 167
64, 118, 165
32, 95, 148
38, 108, 167
61, 133, 192
69, 136, 191
64, 118, 164
80, 116, 148
80, 97, 113
40, 41, 45
97, 89, 86
178, 139, 96
176, 143, 102
140, 111, 77
103, 82, 53
111, 93, 69
118, 100, 78
115, 93, 69
136, 107, 77
128, 92, 58
129, 89, 54
157, 118, 87
175, 145, 121
160, 144, 131
133, 133, 135
94, 106, 118
43, 64, 83
34, 63, 103
26, 56, 94
27, 57, 93
41, 72, 103
48, 78, 106
42, 70, 92
33, 60, 77
34, 58, 68
44, 65, 70
47, 65, 65
142, 157, 152
163, 173, 164
246, 251, 247
252, 255, 253
252, 255, 253
250, 255, 251
251, 255, 252
239, 244, 240
223, 227, 226
223, 225, 224
221, 223, 222
232, 234, 233
240, 242, 241
241, 243, 242
241, 243, 242
245, 245, 245
246, 246, 246
244, 244, 244
108, 162, 209
79, 132, 176
77, 125, 165
91, 135, 172
84, 127, 162
69, 114, 153
53, 107, 153
34, 97, 150
44, 114, 173
68, 143, 201
68, 135, 190
63, 117, 163
95, 130, 160
63, 77, 90
58, 54, 53
100, 86, 77
185, 147, 102
174, 139, 97
153, 125, 88
135, 112, 81
124, 104, 77
131, 110, 83
142, 115, 85
137, 101, 65
126, 82, 43
155, 110, 69
169, 126, 92
171, 141, 117
163, 150, 141
113, 120, 128
53, 75, 98
29, 63, 91
19, 54, 94
18, 53, 93
27, 62, 100
41, 77, 111
45, 80, 110
37, 71, 96
34, 66, 87
40, 69, 85
29, 56, 67
32, 52, 59
109, 124, 127
135, 145, 146
246, 253, 245
249, 255, 248
241, 248, 241
237, 244, 237
242, 249, 242
238, 245, 238
230, 236, 232
232, 238, 234
225, 234, 229
238, 247, 244
246, 255, 252
245, 254, 251
244, 253, 252
246, 255, 254
243, 252, 251
236, 245, 244
84, 138, 184
75, 126, 169
72, 117, 156
76, 116, 151
72, 111, 144
53, 96, 131
40, 91, 134
40, 102, 151
49, 118, 175
67, 139, 197
71, 136, 190
77, 128, 171
107, 138, 166
55, 64, 73
64, 53, 49
98, 76, 62
184, 146, 99
175, 140, 98
164, 134, 96
157, 132, 101
137, 114, 83
134, 109, 78
146, 113, 78
123, 81, 41
136, 88, 42
177, 126, 81
177, 131, 95
163, 133, 109
151, 142, 135
87, 101, 114
22, 56, 84
20, 64, 103
14, 56, 96
21, 63, 101
33, 76, 111
42, 82, 117
39, 80, 110
35, 72, 101
33, 69, 95
39, 71, 92
50, 77, 96
52, 73, 90
99, 115, 130
116, 126, 138
245, 255, 245
235, 247, 235
216, 228, 216
214, 226, 216
232, 244, 234
240, 251, 243
235, 246, 238
233, 246, 239
236, 249, 242
244, 255, 252
247, 255, 255
245, 255, 255
245, 255, 255
245, 255, 255
235, 250, 247
218, 233, 230
75, 126, 173
83, 130, 172
67, 109, 147
60, 96, 128
67, 102, 132
50, 89, 122
33, 81, 119
45, 103, 149
67, 134, 187
63, 132, 189
77, 140, 193
91, 140, 180
99, 125, 150
69, 72, 77
75, 57, 47
132, 103, 85
180, 142, 95
187, 153, 108
160, 131, 91
150, 124, 89
143, 118, 87
134, 105, 71
139, 104, 66
128, 81, 37
159, 105, 58
187, 131, 84
184, 136, 96
159, 129, 105
124, 116, 113
61, 78, 96
11, 51, 86
9, 62, 106
16, 62, 98
28, 74, 110
40, 84, 119
40, 84, 119
37, 80, 114
34, 75, 105
30, 69, 98
30, 64, 92
35, 65, 91
42, 66, 92
60, 76, 101
61, 71, 96
236, 248, 234
239, 251, 239
232, 246, 233
234, 248, 235
244, 255, 247
242, 255, 245
229, 245, 235
228, 244, 234
242, 255, 250
244, 255, 254
241, 255, 252
240, 255, 253
244, 255, 255
244, 255, 255
228, 244, 243
201, 220, 218
60, 111, 156
80, 125, 166
60, 100, 136
51, 86, 116
73, 107, 135
62, 98, 130
40, 86, 122
55, 112, 157
77, 143, 195
53, 120, 175
72, 134, 185
92, 137, 176
78, 103, 125
91, 90, 95
94, 72, 59
187, 155, 134
190, 150, 101
210, 173, 129
161, 129, 90
138, 112, 77
152, 126, 93
141, 111, 75
145, 106, 65
155, 107, 61
179, 123, 72
185, 127, 79
186, 137, 97
158, 128, 104
98, 93, 89
41, 62, 81
11, 55, 92
1, 57, 106
14, 62, 98
31, 77, 113
40, 86, 120
38, 84, 118
35, 80, 113
35, 78, 110
30, 69, 100
22, 57, 87
46, 75, 105
57, 80, 111
56, 73, 103
46, 55, 88
239, 252, 242
237, 253, 243
236, 253, 247
233, 252, 248
231, 251, 250
231, 249, 249
232, 246, 246
234, 244, 243
233, 239, 235
252, 255, 253
222, 227, 223
225, 235, 236
227, 242, 249
210, 234, 246
206, 235, 251
148, 181, 200
60, 116, 153
67, 119, 158
49, 93, 138
61, 101, 152
48, 83, 139
50, 86, 144
56, 98, 156
59, 112, 166
74, 135, 182
69, 134, 174
77, 141, 176
68, 125, 154
69, 113, 138
73, 101, 125
94, 109, 132
170, 176, 200
219, 178, 134
196, 152, 105
196, 148, 99
191, 139, 89
177, 124, 72
190, 138, 90
148, 103, 62
176, 142, 114
153, 134, 119
164, 160, 159
132, 144, 158
77, 103, 130
48, 83, 121
27, 70, 113
8, 56, 104
7, 57, 106
29, 78, 121
32, 81, 122
37, 84, 126
42, 85, 127
42, 81, 122
37, 72, 112
31, 63, 102
27, 57, 95
31, 59, 96
45, 74, 108
45, 74, 108
27, 58, 89
239, 252, 242
237, 253, 243
236, 253, 247
233, 252, 250
231, 251, 250
231, 249, 249
232, 246, 246
234, 245, 241
237, 243, 239
237, 242, 238
234, 240, 236
236, 246, 247
228, 245, 252
213, 237, 249
178, 207, 223
119, 154, 174
60, 114, 150
66, 115, 155
46, 91, 133
61, 99, 148
47, 82, 136
51, 87, 145
58, 100, 158
61, 112, 165
68, 129, 176
65, 130, 170
77, 141, 176
73, 130, 159
74, 118, 145
72, 102, 126
85, 101, 126
146, 154, 177
223, 184, 141
191, 150, 106
207, 163, 116
213, 162, 115
207, 156, 109
190, 141, 98
173, 130, 95
192, 162, 136
196, 180, 167
167, 167, 169
108, 124, 139
58, 85, 112
36, 72, 108
18, 61, 103
15, 62, 108
33, 81, 129
30, 79, 120
34, 81, 123
39, 84, 125
42, 84, 124
40, 79, 120
36, 71, 111
31, 63, 102
28, 58, 96
27, 57, 93
37, 66, 100
37, 66, 100
28, 58, 92
239, 252, 242
237, 253, 243
236, 253, 247
233, 252, 250
231, 251, 250
231, 249, 249
231, 247, 246
234, 245, 241
243, 249, 245
223, 228, 224
242, 248, 246
241, 251, 252
224, 241, 248
217, 241, 253
161, 192, 210
97, 132, 152
60, 110, 145
63, 111, 149
43, 86, 128
58, 96, 143
47, 83, 135
53, 90, 145
60, 103, 158
63, 114, 167
58, 119, 166
58, 123, 165
72, 136, 171
77, 134, 164
80, 124, 151
78, 108, 134
84, 101, 127
122, 134, 158
214, 178, 142
184, 146, 109
212, 170, 130
221, 178, 136
221, 176, 135
187, 145, 107
196, 163, 132
197, 175, 154
166, 157, 150
120, 125, 131
68, 87, 104
46, 76, 104
38, 74, 110
18, 60, 100
17, 60, 102
40, 85, 127
41, 89, 129
44, 89, 130
46, 90, 129
45, 87, 127
42, 80, 119
35, 70, 108
27, 59, 98
21, 53, 91
31, 61, 97
30, 60, 96
28, 58, 94
24, 57, 92
239, 252, 242
237, 253, 243
236, 253, 247
232, 252, 250
231, 251, 250
231, 249, 249
231, 247, 246
233, 245, 241
241, 250, 245
225, 232, 225
235, 241, 239
232, 244, 244
214, 233, 240
218, 244, 255
178, 211, 230
92, 128, 150
57, 106, 139
61, 105, 142
38, 80, 120
56, 93, 138
47, 83, 133
55, 92, 145
62, 105, 158
63, 115, 165
50, 108, 154
48, 111, 152
56, 118, 155
64, 118, 152
67, 112, 141
67, 101, 129
73, 94, 121
91, 107, 133
189, 160, 130
182, 151, 120
206, 171, 139
217, 181, 147
205, 170, 138
189, 158, 130
204, 179, 159
170, 158, 146
107, 107, 107
72, 84, 96
50, 72, 93
52, 83, 111
51, 87, 121
32, 72, 108
28, 68, 104
44, 84, 120
42, 86, 123
45, 87, 125
48, 90, 128
49, 88, 127
44, 82, 119
36, 70, 108
25, 59, 97
19, 51, 89
31, 63, 101
24, 56, 94
22, 54, 92
27, 61, 98
239, 252, 242
237, 253, 243
236, 253, 247
232, 252, 250
231, 251, 249
230, 250, 248
231, 247, 244
233, 245, 241
233, 242, 237
241, 248, 241
226, 235, 232
225, 239, 240
213, 232, 239
218, 246, 255
201, 233, 254
90, 126, 150
57, 100, 132
57, 100, 134
37, 75, 114
54, 91, 135
49, 85, 133
58, 95, 147
62, 105, 156
62, 112, 161
48, 104, 151
42, 104, 145
41, 101, 138
45, 99, 133
49, 94, 127
56, 91, 121
71, 96, 126
73, 92, 122
153, 131, 110
182, 157, 135
202, 176, 153
211, 185, 162
181, 156, 134
193, 172, 155
177, 164, 155
114, 113, 111
72, 81, 90
53, 72, 89
45, 73, 97
45, 80, 108
39, 75, 107
32, 68, 100
37, 73, 105
47, 82, 112
37, 77, 112
41, 81, 116
47, 85, 121
49, 87, 123
46, 81, 119
37, 71, 109
26, 60, 98
19, 51, 90
24, 58, 96
20, 54, 92
25, 60, 98
40, 75, 113
239, 252, 243
237, 252, 245
234, 253, 247
232, 252, 250
231, 251, 249
230, 250, 248
231, 247, 244
233, 245, 241
226, 237, 229
248, 255, 250
225, 236, 232
228, 242, 243
220, 240, 249
214, 243, 255
194, 229, 251
78, 115, 141
56, 95, 126
56, 95, 128
35, 71, 107
55, 90, 130
51, 88, 132
58, 99, 145
62, 106, 155
59, 110, 157
50, 104, 150
46, 103, 146
38, 96, 134
46, 98, 135
54, 98, 133
74, 110, 142
102, 131, 163
94, 119, 150
113, 96, 86
157, 140, 130
189, 171, 159
196, 180, 167
161, 147, 136
172, 163, 156
124, 122, 123
64, 73, 80
58, 77, 92
47, 75, 97
49, 83, 111
52, 89, 118
42, 79, 108
43, 78, 106
54, 86, 111
54, 84, 108
50, 86, 118
52, 88, 122
53, 89, 123
53, 87, 122
46, 80, 117
35, 69, 106
23, 57, 95
16, 50, 88
26, 59, 100
27, 62, 102
35, 73, 112
50, 89, 130
239, 252, 243
237, 252, 245
234, 253, 247
232, 252, 250
230, 252, 249
230, 250, 248
229, 248, 244
231, 246, 239
230, 241, 233
240, 251, 243
227, 239, 235
227, 242, 245
223, 245, 255
207, 238, 255
162, 198, 222
72, 111, 140
56, 91, 121
56, 91, 123
34, 68, 103
55, 90, 128
53, 90, 132
59, 100, 144
60, 104, 151
57, 105, 151
50, 103, 147
49, 103, 147
40, 93, 133
49, 98, 138
56, 100, 137
80, 118, 154
115, 148, 181
97, 127, 161
84, 79, 76
111, 103, 101
164, 156, 154
173, 165, 163
152, 148, 147
133, 134, 138
80, 89, 98
63, 80, 96
62, 88, 111
37, 71, 99
38, 77, 108
49, 88, 119
47, 84, 113
52, 84, 109
59, 87, 109
52, 79, 98
45, 78, 109
44, 77, 108
43, 76, 109
39, 74, 106
34, 68, 103
29, 63, 100
24, 58, 96
20, 55, 95
34, 69, 111
39, 76, 118
48, 87, 130
53, 95, 137
237, 252, 245
237, 252, 245
234, 253, 249
232, 252, 250
230, 252, 249
229, 251, 248
229, 248, 242
230, 247, 239
237, 250, 241
228, 239, 231
228, 240, 236
220, 238, 240
221, 245, 255
201, 234, 253
133, 170, 196
75, 119, 148
57, 88, 117
55, 88, 119
33, 68, 100
56, 92, 128
53, 92, 131
59, 102, 144
59, 104, 146
55, 104, 147
49, 100, 145
49, 100, 143
36, 85, 126
40, 85, 126
37, 79, 117
54, 94, 130
85, 121, 157
58, 92, 127
77, 80, 89
74, 77, 84
146, 146, 154
151, 154, 161
152, 156, 165
103, 113, 125
63, 80, 96
91, 117, 140
54, 88, 116
5, 44, 77
0, 28, 63
0, 39, 71
0, 37, 64
9, 39, 63
19, 46, 65
17, 40, 56
12, 43, 71
12, 43, 72
11, 44, 75
14, 47, 80
19, 52, 87
25, 59, 97
30, 65, 105
31, 68, 110
36, 73, 117
46, 84, 129
54, 95, 139
55, 98, 141
237, 252, 245
236, 253, 247
233, 252, 248
231, 251, 249
228, 250, 247
227, 250, 244
227, 248, 241
230, 247, 239
232, 248, 238
232, 245, 236
223, 238, 235
221, 240, 244
218, 245, 255
199, 234, 254
86, 127, 155
65, 110, 141
53, 82, 112
48, 79, 110
32, 67, 99
45, 83, 119
54, 97, 132
51, 96, 135
56, 104, 144
48, 95, 137
47, 94, 138
44, 91, 135
40, 85, 127
34, 77, 119
27, 69, 107
30, 70, 106
45, 83, 119
62, 100, 136
78, 90, 106
56, 68, 84
101, 110, 125
136, 145, 160
99, 111, 127
79, 96, 114
90, 112, 135
73, 103, 129
33, 69, 101
14, 54, 89
0, 39, 74
0, 38, 70
11, 46, 74
26, 56, 80
36, 62, 79
41, 62, 79
26, 56, 84
36, 67, 95
37, 68, 97
29, 62, 95
31, 65, 100
44, 78, 116
44, 79, 121
32, 69, 113
33, 71, 116
56, 97, 143
60, 103, 148
42, 86, 131
237, 252, 245
236, 253, 247
233, 252, 248
230, 252, 249
226, 251, 247
227, 250, 244
227, 248, 241
228, 248, 237
229, 245, 234
232, 248, 238
226, 242, 239
220, 241, 244
210, 238, 250
165, 201, 223
79, 123, 152
63, 109, 143
52, 81, 111
47, 78, 109
31, 66, 98
42, 83, 115
52, 96, 131
48, 96, 132
55, 103, 143
47, 95, 135
48, 93, 135
46, 87, 131
43, 82, 125
38, 75, 117
30, 68, 107
25, 65, 101
31, 71, 106
41, 81, 116
63, 85, 108
38, 58, 82
60, 78, 98
88, 105, 125
77, 94, 114
69, 90, 111
56, 82, 105
19, 50, 79
1, 37, 69
0, 34, 69
0, 37, 72
8, 49, 81
24, 59, 89
35, 63, 87
38, 60, 81
37, 58, 75
25, 55, 81
34, 64, 92
40, 71, 100
37, 70, 103
36, 70, 107
38, 73, 113
35, 72, 114
30, 68, 113
43, 84, 130
58, 101, 146
50, 94, 139
28, 72, 117
237, 252, 247
236, 253, 247
233, 252, 248
230, 252, 249
226, 251, 247
225, 250, 244
226, 249, 239
228, 248, 237
225, 243, 231
233, 250, 240
226, 245, 241
217, 241, 245
202, 231, 245
119, 157, 180
73, 118, 149
59, 107, 143
54, 80, 113
45, 76, 107
28, 64, 96
38, 81, 113
48, 97, 130
46, 96, 131
52, 102, 139
44, 92, 132
46, 88, 130
45, 82, 126
43, 78, 120
42, 75, 118
36, 71, 111
27, 65, 102
23, 63, 98
22, 65, 99
46, 76, 104
30, 57, 84
34, 60, 85
53, 75, 98
62, 83, 104
56, 78, 101
29, 53, 77
0, 18, 46
0, 28, 60
0, 32, 68
5, 45, 80
21, 60, 93
32, 65, 96
30, 60, 86
26, 50, 74
26, 47, 68
19, 49, 75
27, 57, 85
39, 70, 99
46, 79, 112
41, 77, 113
31, 69, 108
30, 69, 112
34, 75, 121
48, 90, 138
56, 100, 147
40, 84, 131
21, 68, 112
237, 252, 247
236, 252, 249
233, 252, 248
230, 252, 249
226, 251, 245
225, 251, 242
226, 249, 239
227, 249, 237
223, 243, 231
232, 249, 239
224, 245, 240
214, 239, 243
195, 227, 242
83, 123, 148
71, 117, 150
55, 105, 142
53, 79, 114
44, 74, 108
23, 62, 95
35, 80, 113
45, 95, 128
43, 96, 130
48, 101, 135
43, 88, 127
46, 85, 126
43, 76, 119
43, 72, 114
46, 75, 117
44, 76, 115
35, 71, 107
25, 65, 100
19, 64, 97
24, 63, 96
26, 61, 91
34, 65, 93
50, 76, 99
57, 79, 102
38, 59, 80
13, 35, 58
2, 28, 53
11, 40, 70
9, 44, 76
17, 53, 87
27, 63, 97
28, 61, 94
22, 51, 81
21, 47, 74
25, 49, 75
11, 42, 70
16, 47, 76
33, 66, 97
49, 83, 118
44, 79, 117
27, 66, 107
29, 70, 114
45, 87, 135
50, 94, 141
54, 98, 147
33, 80, 126
32, 76, 121